0.818453641537
0.563889991209
0.408928828376
0.312605908627
0.258090848422
0.189991922836
0.169623707981
0.157287313649
0.134510666717
0.128022712294
0.114879303632
0.110168888098
0.08996500005
0.0899490062852
0.0771048785708
0.0623537390258
0.0472085384055
0.0358580201065
0.035423254843
0.0310762112558
0.0293196335068
0.0199484367401
0.0152104069999
0.0116599162076
0.00898452022318
0.00823025072386
0.00463223586582
0.00126124150161
-8.56393888553e-05
-0.00943542247585
-0.0167380382254
-0.0181589089643
-0.0207082449996
-0.0256545288822
-0.0290883561422
-0.031727121488
-0.0331771416397
-0.0333698630812
-0.0350819354886
-0.0359162856262
-0.0374480042797
-0.0390062593385
-0.042196863797
-0.0455543114687
-0.045018402843
-0.0462277444503
-0.0476569893742
-0.0494296202213
-0.051461140359
-0.0531862971365
-0.0538022113879
-0.057113694184
-0.0572983398241
-0.0594584787122
-0.0601172587366
-0.0606811059278
-0.0631173090238
-0.0643107326296
-0.065704535865
-0.0699487061754
-0.0710023759191
-0.0718365723582
-0.0733550836337
-0.0737160719636
-0.0749242710298
-0.0759963653972
-0.0769613042838
-0.0776356130916
-0.0788542259764
-0.0802916433696
-0.0807626810439
-0.0824184213216
-0.0838158222853
-0.0843773646786
-0.0862782433872
-0.0875068383075
-0.087863117273
-0.0902111308724
-0.0908188821209
-0.0921463164417
-0.0935675918352
-0.0950149724495
-0.0962645195399
-0.0978188863552
-0.0994880305553
-0.100592272431
-0.10210462383
-0.104125305086
-0.10481806168
-0.10660282093
-0.108269913647
-0.109804412853
-0.110418261973
-0.110537418748
-0.110774403388
-0.110859498109
-0.111169888134
-0.111523392516
-0.111313948611
-0.111746232461
-0.111810261244
-0.112023868089
-0.112380399442
-0.112509526921
-0.112896465926
-0.112828567323
-0.113062808551
-0.113158113236
-0.113184468562
-0.112828238903
-0.112836286957
-0.112303799048
-0.112067902157
-0.112528521966
-0.113157252589
-0.113678255837
-0.114316293123
-0.114595227745
-0.115397141609
-0.115772558806
-0.116101786527
-0.116640532226
-0.11662477646
-0.116112447782
-0.115226500482
-0.114313735352
-0.1130350593
-0.115636692033
-0.115207084021
-0.115175093401
-0.114951191963
-0.113942789293
-0.113980365441
-0.115057626437
-0.115188543467
-0.115990682729
-0.117106796565
-0.117695973263
-0.11829855409
-0.118876455318
-0.119039235802
-0.119731888083
-0.119881653178
-0.119506089545
-0.120435512088
-0.120908905942
-0.121160987234
-0.121184456962
-0.121581367974
-0.122256319763
-0.122628648166
-0.12332206683
-0.123409325844
-0.123798597855
-0.12469928678
-0.125471290247
-0.125870511633
-0.126273447046
-0.12656157996
-0.127179528432
-0.127350611497
-0.127574660756
-0.127601866598
-0.127928294781
-0.127407319201
-0.128171860203
-0.127575699075
-0.127729878507
-0.127164812571
-0.125611432605
-0.126393308015
-0.125710536743
-0.126530957633
-0.125465365923
-0.125210343316
-0.125218691838
-0.124720872684
-0.124619212781
-0.124632115228
-0.122804120029
-0.122321750804
-0.121785870577
-0.12172322308
-0.120885785565
-0.119740580584
-0.117674813207
-0.116915026873
-0.115868400504
-0.114077647039
-0.112484152021
-0.111334894456
-0.110428606781
-0.110326269594
-0.109381787791
-0.108048718935
-0.108329507862
-0.10797626514
-0.107941274654
-0.107550253446
-0.10746923476
-0.107712195202
-0.108274773864
-0.107859425503
-0.108372253467
-0.109000840649
-0.109719416592
-0.110680777114
-0.110448210313
-0.110233509943
-0.109794024813
-0.107009279151
-0.104449402795
-0.102997285405
-0.102344036178
-0.100368000913
-0.0991870897154
-0.0977012614343
-0.0965334522705
-0.095261721265
-0.0951661926724
-0.0956145830677
-0.095608467743
-0.0950569023638
-0.0933681905097
-0.0916777862935
-0.0898661498799
-0.0901529793698
-0.0900593711871
-0.088127315088
-0.0869739389841
-0.0856584567846
-0.0858477043235
-0.0861770855541
-0.0847693787024
-0.0839888834015
-0.0828649331724
-0.0819860818093
-0.081476961519
-0.0810689546538
-0.0800508921146
-0.0787043043022
-0.077651706446
-0.076799174158
-0.0758719383154
-0.0747873442907
-0.0728303789411
-0.0720041230166
-0.0727716155986
-0.0724565138334
-0.0713153643258
-0.071148048331
-0.0706573385737
-0.0690768088942
-0.0683278282987
-0.0675233870127
-0.0665841546046
-0.0658652172813
-0.0641507022022
-0.0638306176897
-0.0634691353662
-0.0630001883224
-0.0614663906204
-0.060194021866
-0.0592756249506
-0.0594298676086
-0.0593036747653
-0.0589290708256
-0.0589340811405
-0.0583761654157
-0.0568104916575
-0.0566982375864
-0.0565271998796
-0.056065401027
-0.0583195061224
-0.0624539509917
-0.0665480952221
-0.0713252886155
-0.0732800053815
-0.0770288740341
-0.0821541071048
-0.0870611518864
-0.0895961892621
-0.0921611233999
-0.0961311125741
-0.0997802462864
-0.104105759129
-0.107977519355
-0.109185185112
-0.109484786238
-0.108420905615
-0.10746609257
-0.107271844421
-0.109022496009
-0.107773158899
-0.106838270053
-0.106490785847
-0.105235725522
-0.101453206903
-0.100254557632
-0.101279627562
-0.108182865366
-0.110718629133
-0.111639486956
-0.112123226263
-0.105587896099
-0.0951145030144
-0.0844965850661
-0.0844516856616
-0.0825657572829
-0.0792170949408
-0.0786174216184
-0.078449735587
-0.0779420311556
-0.0773501478294
-0.077220808137
-0.0772533440317
-0.0774331153152
-0.0771871204394
-0.0768949585763
-0.0768409032668
-0.076413555254
-0.0760022503707
-0.0750809661705
-0.0742528642345
-0.0733338748836
-0.0732233194517
-0.0725957879451
-0.0722274369728
-0.0724277377613
-0.0722920851509
-0.0720307556887
-0.0720477493027
-0.0712913101176
-0.0720474343541
-0.0715923028549
-0.0707844636716
-0.070127474045
-0.0693680808144
-0.0688525209671
-0.0682101328369
-0.0674297579749
-0.0668584800953
-0.0668856405101
-0.0663734009483
-0.0667801232573
-0.06707582763
-0.0679292645532
-0.0683275314776
-0.0693813205023
-0.0692564095446
-0.0692335462075
-0.068456967569
-0.0678761998459
-0.0678268640493
-0.0675667892431
-0.066856931325
-0.0666074211656
-0.0671281494461
-0.0669821698779
-0.0630114528165
-0.0640476232943
-0.0649024950678
-0.0657360614838
-0.0663262520204
-0.0664694832995
-0.0661889549129
-0.0666987762899
-0.0674181528615
-0.0681466137024
-0.0691345879222
-0.0707229356107
-0.0711574382022
-0.0717452877358
-0.0729769398212
-0.0734901819804
-0.0739579175162
-0.0751222705867
-0.0759772420249
-0.0763287312645
-0.0769729340211
-0.0776622809918
-0.0778850571445
-0.0786775958692
-0.0718724600838
-0.0728187176705
-0.0738347497484
-0.0748371659328
-0.0757127665909
-0.0754221807276
-0.0761150280536
-0.0765088656462
-0.0762998884338
-0.0753702347539
-0.0740495134057
-0.0733089831238
-0.0746181835675
-0.0747178191015
-0.0736917874292
-0.0735524343211
-0.0741830526225
-0.0749673174034
-0.0749193710644
-0.0752439929555
-0.0752883109491
-0.0744952370095
-0.0755976685943
-0.0753172195649
-0.0736407991622
-0.0738272940057
-0.0726399955358
-0.0695234346639
-0.0686969136193
-0.0694219341365
-0.0713709811188
-0.0738320293524
-0.0762236269451
-0.0773602324139
-0.0777493987433
-0.0783434414519
-0.0776590795353
-0.077274070083
-0.0787135213706
-0.0786884018899
-0.0796585451997
-0.0766855932685
-0.0794616130387
-0.0821423776261
-0.0828001540863
-0.0857174442529
-0.0885514501764
-0.0905865675246
-0.0933062075794
-0.0959426184975
-0.0989177334746
-0.101519132717
-0.102556467318
-0.104023966035
-0.104604367549
-0.10603817346
-0.10666728029
-0.106513415838
-0.107636778819
-0.107862704191
-0.101388161623
-0.10173436344
-0.104595779634
-0.105332540808
-0.104936957011
-0.105226542177
-0.106082588572
-0.106320104328
-0.106239385378
-0.107605615136
-0.107445122138
-0.107525150321
-0.107521021073
-0.109052046642
-0.108629069139
-0.107025343991
-0.107288692169
-0.107565543145
-0.109105155447
-0.112697417207
-0.113506650042
-0.112966422894
-0.112960316015
-0.112709159212
-0.117014165071
-0.11757367722
-0.117456779626
-0.117680040755
-0.117342352765
-0.118735496756
-0.119161159658
-0.120166532811
-0.121053621003
-0.123028854387
-0.122206174866
-0.122583193174
-0.122773783191
-0.125339399844
-0.127742318928
-0.127118400879
-0.128236288021
-0.128888743165
-0.130797934402
-0.131331765361
-0.13184729318
-0.132758337062
-0.134571602841
-0.135648064026
-0.13551760294
-0.135053131329
-0.135315159355
-0.135854954746
-0.136191823666
-0.136039047279
-0.135301980756
-0.135766177939
-0.135343306641
-0.134999596474
-0.134892915298
-0.13541998966
-0.137552158015
-0.137292138871
-0.135423598654
-0.13432246757
-0.131757017261
-0.132625908595
-0.134114803215
-0.134691125389
-0.134765708568
-0.133909824649
-0.134581765127
-0.134601733247
-0.135903845226
-0.13581597782
-0.135452331552
-0.136718079648
-0.136455561017
-0.135059595365
-0.134487126999
-0.133846749959
-0.133164164702
-0.132291380419
-0.1340564901
-0.13386689296
-0.133932975492
-0.13513207312
-0.135655923404
-0.136106286476
-0.135770915429
-0.13576883833
-0.135806442513
-0.136079975919
-0.136180270103
-0.136105975576
-0.136662319683
-0.135812979295
-0.136446262911
-0.137308067497
-0.1372108789
-0.136468452325
-0.13667767418
-0.136233339919
-0.135838147841
-0.135593508931
-0.135326563662
-0.135570847635
-0.135559157292
-0.135133120022
-0.134848736919
-0.136400884657
-0.136666566225
-0.136313346721
-0.136395161649
-0.136206471012
-0.136770881677
-0.137070252944
-0.138084509937
-0.138928184848
-0.138325553468
-0.139777568771
-0.138444493112
-0.137887149196
-0.137623909043
-0.138245609477
-0.137917642126
-0.134677323579
-0.134971855278
-0.134787188695
-0.132241980603
-0.132356290835
-0.129361566323
-0.130024282719
-0.131112850372
-0.128063789165
-0.126287611347
-0.125829166853
-0.122797813383
-0.122859299201
-0.126547660492
-0.128215081831
-0.123861227205
-0.122775650893
-0.125968499768
-0.127628116114
-0.128555206546
-0.138930947469
-0.140370571137
-0.141047981904
-0.142495359595
-0.141498902723
-0.135308025924
-0.130438097602
-0.126245369556
-0.117275630225
-0.114959392587
-0.10847187009
-0.107079857208
-0.105807647725
-0.104285220044
-0.103117405421
-0.1038030208
-0.10209492294
-0.104581462103
-0.106628974556
-0.112192451362
-0.112086735135
-0.11463498426
-0.11086679402
-0.111642952144
-0.111145568283
-0.109400533412
-0.112824070826
-0.112789081007
-0.123106755951
-0.131341915588
-0.135620486267
-0.136871150206
-0.136784472635
-0.135945884324
-0.135165179264
-0.135010584221
-0.134805903903
-0.13485455763
-0.135239978664
-0.136011320453
-0.136455757572
-0.137531250346
-0.139480567238
-0.14021084846
-0.139230568114
-0.1390492636
-0.138796592309
-0.138185256798
-0.137431841309
-0.137222895417
-0.136967451886
-0.136165326868
-0.13589422578
-0.135999353013
-0.135304881176
-0.134676587437
-0.134129996125
-0.13406495425
-0.134165193675
-0.133701898011
-0.133359491784
-0.13301227811
-0.132996632737
-0.132565132947
-0.132324104451
-0.132097271878
-0.131978727052
-0.132142243397
-0.132100504135
-0.132384235648
-0.132315394847
-0.132277179856
-0.132412480449
-0.132341324268
-0.131479518999
-0.130218963067
-0.129439135717
-0.12837862676
-0.127759606789
-0.127252015197
-0.126618388747
-0.126253756013
-0.127071435842
-0.127506789124
-0.128549686291
-0.128729521509
-0.128574632389
-0.127548850124
-0.128239069843
-0.129480835615
-0.131186838667
-0.133195180351
-0.134680534962
-0.133269912867
-0.131851549763
-0.130291255233
-0.126275552757
-0.119894813272
-0.112897986026
-0.109016473172
-0.106689423381
-0.103868979925
-0.100785662092
-0.096587226803
-0.0910130820674
-0.0864529239598
-0.0828869737664
-0.0789494161569
-0.0809112327119
-0.0869984363368
-0.131966248308
-0.13214567355
-0.132255694595
-0.132145590583
-0.132161397746
-0.132162268459
-0.132331943201
-0.132215567111
-0.132325229813
-0.132434546328
-0.132453574405
-0.132452761721
-0.13257229264
-0.132335651757
-0.132422967045
-0.132401507783
-0.13259327428
-0.132472946542
-0.132463001116
-0.132463892998
-0.132475555972
-0.132576743474
-0.132475239853
-0.132537940951
-0.132501348538
-0.13254963872
-0.132569969915
-0.132536907556
-0.132564787252
-0.132558199766
-0.132593164562
-0.132594345568
-0.132601010078
-0.132665346125
-0.132657458663
-0.132656607121
-0.132678038002
-0.13265585326
-0.132693763638
-0.132714097058
-0.132703359359
-0.132696845895
-0.132716311231
-0.132724595878
-0.132728887815
-0.131521933565
-0.0983372388702
-0.0978154754369
-0.0971482355067
-0.0966364729015
